100
1004
1005
1007
100В
101S
10255
10262
102S
10401S
10501S
10750
10767
110
11100
1300
1422
150
1500
1510
1550
1600
1620
1682
1699
200
2006
2014
2015
2017
2020
2020В
2021
2022
2025
2027
2029
2031
2032
2034
2035
210
21002S
2104
2450
2465
250
2502
300
300В
310
3101
3150
3300
3450
350
3600
3900
410
4250
4350
4400
4500
4550
4700
4704
4900
4910
500
5000
5001
510
5100
5200
5300
5400
550
5500
5600
5700
5900
5901
600
6000
6100
6200
6300
6400
6410
650
6609
6800S
700
7000
710
750
7600
7800
800
8000
81248
81736
8200
8400
900
9200
9400
950
9500
9510
9550
9550S
9551
9700
9710
9800
9808
9853
Н060
Н069
Н070
Н071
Н075